Purdue,


3,Peters, Brooke,3,0,0,0,.000,0,1,1,1,15,0,0,0,0,1.0,
4,Newton, Caitlyn,1,1,0,4,.250,0,0,0,0,0,0,0,0,0,1.0,
5,Evans, Ashley ,3,1,1,4,.000,40,0,1,0,2,0,0,0,0,1.0,
6,Reisinger, Julianna,3,0,0,0,.000,0,0,0,0,1,0,0,0,0,0.0,
8,Dorn, Lexi,1,1,0,1,1.000,1,0,0,0,0,0,0,0,0,1.0,
9,Cuttino, Shavona ,2,1,1,3,.000,0,0,0,0,0,0,0,0,0,1.0,
10,Stahl, Azariah ,3,6,2,13,.308,1,0,1,0,6,0,0,1,0,6.0,
11,Damler, Carissa ,2,0,0,0,.000,1,0,0,0,4,0,0,0,0,0.0,
12,Williams, Erin,1,4,0,4,1.000,0,0,0,0,0,0,2,0,0,5.0,
14,Van Zelst, Olivia,1,0,0,0,.000,0,0,0,0,0,0,0,0,0,0.0,
16,Atkinson, Sherridan,3,13,1,19,.632,0,1,0,0,0,0,4,0,0,16.0,
17,Mohler, Blake ,3,9,0,14,.643,1,0,1,0,2,0,2,1,0,10.0,
19,Otec, Jena,3,0,0,0,.000,0,1,1,0,2,0,0,0,0,1.0,
20,Cuttino, Danielle ,3,11,2,21,.429,0,0,0,0,0,1,0,0,0,12.0,
Totals,47,7,83,.482,44,3,5,1,32,1,8,2,0,55.0,
Purdue,


3,Peters, Brooke,3,0,0,0,.000,0,1,1,1,15,0,0,0,0,1.0,
4,Newton, Caitlyn,1,1,0,4,.250,0,0,0,0,0,0,0,0,0,1.0,
5,Evans, Ashley ,3,1,1,4,.000,40,0,1,0,2,0,0,0,0,1.0,
6,Reisinger, Julianna,3,0,0,0,.000,0,0,0,0,1,0,0,0,0,0.0,
8,Dorn, Lexi,1,1,0,1,1.000,1,0,0,0,0,0,0,0,0,1.0,
9,Cuttino, Shavona ,2,1,1,3,.000,0,0,0,0,0,0,0,0,0,1.0,
10,Stahl, Azariah ,3,6,2,13,.308,1,0,1,0,6,0,0,1,0,6.0,
11,Damler, Carissa ,2,0,0,0,.000,1,0,0,0,4,0,0,0,0,0.0,
12,Williams, Erin,1,4,0,4,1.000,0,0,0,0,0,0,2,0,0,5.0,
14,Van Zelst, Olivia,1,0,0,0,.000,0,0,0,0,0,0,0,0,0,0.0,
16,Atkinson, Sherridan,3,13,1,19,.632,0,1,0,0,0,0,4,0,0,16.0,
17,Mohler, Blake ,3,9,0,14,.643,1,0,1,0,2,0,2,1,0,10.0,
19,Otec, Jena,3,0,0,0,.000,0,1,1,0,2,0,0,0,0,1.0,
20,Cuttino, Danielle ,3,11,2,21,.429,0,0,0,0,0,1,0,0,0,12.0,
Totals,47,7,83,.482,44,3,5,1,32,1,8,2,0,55.0,


















Purdue,
,-- Attack --,,-- Serve --,,-- Block --,,,
#,Player,SP,K,E,TA,K%,A,SA,SE,RE,DIGS,BS,BA,BE,BHE,PTS,
3,Peters, Brooke,3,0,0,0,.000,0,1,1,1,15,0,0,0,0,1.0,
4,Newton, Caitlyn,1,1,0,4,.250,0,0,0,0,0,0,0,0,0,1.0,
5,Evans, Ashley ,3,1,1,4,.000,40,0,1,0,2,0,0,0,0,1.0,
6,Reisinger, Julianna,3,0,0,0,.000,0,0,0,0,1,0,0,0,0,0.0,
8,Dorn, Lexi,1,1,0,1,1.000,1,0,0,0,0,0,0,0,0,1.0,
9,Cuttino, Shavona ,2,1,1,3,.000,0,0,0,0,0,0,0,0,0,1.0,
10,Stahl, Azariah ,3,6,2,13,.308,1,0,1,0,6,0,0,1,0,6.0,
11,Damler, Carissa ,2,0,0,0,.000,1,0,0,0,4,0,0,0,0,0.0,
12,Williams, Erin,1,4,0,4,1.000,0,0,0,0,0,0,2,0,0,5.0,
14,Van Zelst, Olivia,1,0,0,0,.000,0,0,0,0,0,0,0,0,0,0.0,
16,Atkinson, Sherridan,3,13,1,19,.632,0,1,0,0,0,0,4,0,0,16.0,
17,Mohler, Blake ,3,9,0,14,.643,1,0,1,0,2,0,2,1,0,10.0,
19,Otec, Jena,3,0,0,0,.000,0,1,1,0,2,0,0,0,0,1.0,
20,Cuttino, Danielle ,3,11,2,21,.429,0,0,0,0,0,1,0,0,0,12.0,
Totals,47,7,83,.482,44,3,5,1,32,1,8,2,0,55.0,
Purdue,
,-- Attack --,,-- Serve --,,-- Block --,,,
#,Player,SP,K,E,TA,K%,A,SA,SE,RE,DIGS,BS,BA,BE,BHE,PTS,
3,Peters, Brooke,3,0,0,0,.000,0,1,1,1,15,0,0,0,0,1.0,
4,Newton, Caitlyn,1,1,0,4,.250,0,0,0,0,0,0,0,0,0,1.0,
5,Evans, Ashley ,3,1,1,4,.000,40,0,1,0,2,0,0,0,0,1.0,
6,Reisinger, Julianna,3,0,0,0,.000,0,0,0,0,1,0,0,0,0,0.0,
8,Dorn, Lexi,1,1,0,1,1.000,1,0,0,0,0,0,0,0,0,1.0,
9,Cuttino, Shavona ,2,1,1,3,.000,0,0,0,0,0,0,0,0,0,1.0,
10,Stahl, Azariah ,3,6,2,13,.308,1,0,1,0,6,0,0,1,0,6.0,
11,Damler, Carissa ,2,0,0,0,.000,1,0,0,0,4,0,0,0,0,0.0,
12,Williams, Erin,1,4,0,4,1.000,0,0,0,0,0,0,2,0,0,5.0,
14,Van Zelst, Olivia,1,0,0,0,.000,0,0,0,0,0,0,0,0,0,0.0,
16,Atkinson, Sherridan,3,13,1,19,.632,0,1,0,0,0,0,4,0,0,16.0,
17,Mohler, Blake ,3,9,0,14,.643,1,0,1,0,2,0,2,1,0,10.0,
19,Otec, Jena,3,0,0,0,.000,0,1,1,0,2,0,0,0,0,1.0,
20,Cuttino, Danielle ,3,11,2,21,.429,0,0,0,0,0,1,0,0,0,12.0,
Totals,47,7,83,.482,44,3,5,1,32,1,8,2,0,55.0,
